##TITLE= Parameter file, TOPSPIN		Version 1.3
##JCAMPDX= 5.0
##DATATYPE= Parameter Values
##ORIGIN= Bruker BioSpin GmbH
##OWNER= Administrator
$$ 2015-09-06 14:24:56.968 +0100  Administrator@B500B07
$$ F:/Research/2015/MF/data/PSYCHE_CPMG/nmr/Cyclosporin/2/pdata/1/clevels
##$LEVELS= (0..255)
-3176480.67827058 -1764711.4879281 -980395.271071166 -544664.039483981 
-302591.133046656 -168106.18502592 -93392.3250144 -51884.625008 51884.625008 
93392.3250144 168106.18502592 302591.133046656 544664.039483981 980395.271071166 
1764711.4879281 3176480.67827058 0 0 0 0 0 0 0 0 0 0 0 0 0 0 0 0 0 0 0 
0 0 0 0 0 0 0 0 0 0 0 0 0 0 0 0 0 0 0 0 0 0 0 0 0 0 0 0 0 0 0 0 0 0 0 
0 0 0 0 0 0 0 0 0 0 0 0 0 0 0 0 0 0 0 0 0 0 0 0 0 0 0 0 0 0 0 0 0 0 0 
0 0 0 0 0 0 0 0 0 0 0 0 0 0 0 0 0 0 0 0 0 0 0 0 0 0 0 0 0 0 0 0 0 0 0 
0 0 0 0 0 0 0 0 0 0 0 0 0 0 0 0 0 0 0 0 0 0 0 0 0 0 0 0 0 0 0 0 0 0 0 
0 0 0 0 0 0 0 0 0 0 0 0 0 0 0 0 0 0 0 0 0 0 0 0 0 0 0 0 0 0 0 0 0 0 0 
0 0 0 0 0 0 0 0 0 0 0 0 0 0 0 0 0 0 0 0 0 0 0 0 0 0 0 0 0 0 0 0 0 0 0 
0 0 0 0 0 0 0 0 0 0 0
##$LEVSIGN= 3
##$MAXLEV= 8
##$METHOD= 0
##$NEGBASE= -51884.625008
##$NEGINCR= 1.8
##$POSBASE= 51884.625008
##$POSINCR= 1.8
##END=
