O 500.132001
-2500000
-2490215
-2480431
-2470646
-2460861
-2451076
-2441292
-2431507
-2421722
-2411937
-2402153
-2392368
-2382583
-2372798
-2363014
-2353229
-2343444
-2333659
-2323875
-2314090
-2304305
-2294521
-2284736
-2274951
-2265166
-2255382
-2245597
-2235812
-2226027
-2216243
-2206458
-2196673
-2186888
-2177104
-2167319
-2157534
-2147750
-2137965
-2128180
-2118395
-2108611
-2098826
-2089041
-2079256
-2069472
-2059687
-2049902
-2040117
-2030333
-2020548
-2010763
-2000978
-1991194
-1981409
-1971624
-1961840
-1952055
-1942270
-1932485
-1922701
-1912916
-1903131
-1893346
-1883562
-1873777
-1863992
-1854207
-1844423
-1834638
-1824853
-1815068
-1805284
-1795499
-1785714
-1775930
-1766145
-1756360
-1746575
-1736791
-1727006
-1717221
-1707436
-1697652
-1687867
-1678082
-1668297
-1658513
-1648728
-1638943
-1629159
-1619374
-1609589
-1599804
-1590020
-1580235
-1570450
-1560665
-1550881
-1541096
-1531311
-1521526
-1511742
-1501957
-1492172
-1482387
-1472603
-1462818
-1453033
-1443249
-1433464
-1423679
-1413894
-1404110
-1394325
-1384540
-1374755
-1364971
-1355186
-1345401
-1335616
-1325832
-1316047
-1306262
-1296477
-1286693
-1276908
-1267123
-1257339
-1247554
-1237769
-1227984
-1218200
-1208415
-1198630
-1188845
-1179061
-1169276
-1159491
-1149706
-1139922
-1130137
-1120352
-1110568
-1100783
-1090998
-1081213
-1071429
-1061644
-1051859
-1042074
-1032290
-1022505
-1012720
-1002935
 -993151
 -983366
 -973581
 -963796
 -954012
 -944227
 -934442
 -924658
 -914873
 -905088
 -895303
 -885519
 -875734
 -865949
 -856164
 -846380
 -836595
 -826810
 -817025
 -807241
 -797456
 -787671
 -777886
 -768102
 -758317
 -748532
 -738748
 -728963
 -719178
 -709393
 -699609
 -689824
 -680039
 -670254
 -660470
 -650685
 -640900
 -631115
 -621331
 -611546
 -601761
 -591977
 -582192
 -572407
 -562622
 -552838
 -543053
 -533268
 -523483
 -513699
 -503914
 -494129
 -484344
 -474560
 -464775
 -454990
 -445205
 -435421
 -425636
 -415851
 -406067
 -396282
 -386497
 -376712
 -366928
 -357143
 -347358
 -337573
 -327789
 -318004
 -308219
 -298434
 -288650
 -278865
 -269080
 -259295
 -249511
 -239726
 -229941
 -220157
 -210372
 -200587
 -190802
 -181018
 -171233
 -161448
 -151663
 -141879
 -132094
 -122309
 -112524
 -102740
  -92955
  -83170
  -73386
  -63601
  -53816
  -44031
  -34247
  -24462
  -14677
   -4892
    4892
   14677
   24462
   34247
   44031
   53816
   63601
   73386
   83170
   92955
  102740
  112524
  122309
  132094
  141879
  151663
  161448
  171233
  181018
  190802
  200587
  210372
  220157
  229941
  239726
  249511
  259295
  269080
  278865
  288650
  298434
  308219
  318004
  327789
  337573
  347358
  357143
  366928
  376712
  386497
  396282
  406067
  415851
  425636
  435421
  445205
  454990
  464775
  474560
  484344
  494129
  503914
  513699
  523483
  533268
  543053
  552838
  562622
  572407
  582192
  591977
  601761
  611546
  621331
  631115
  640900
  650685
  660470
  670254
  680039
  689824
  699609
  709393
  719178
  728963
  738748
  748532
  758317
  768102
  777886
  787671
  797456
  807241
  817025
  826810
  836595
  846380
  856164
  865949
  875734
  885519
  895303
  905088
  914873
  924658
  934442
  944227
  954012
  963796
  973581
  983366
  993151
 1002935
 1012720
 1022505
 1032290
 1042074
 1051859
 1061644
 1071429
 1081213
 1090998
 1100783
 1110568
 1120352
 1130137
 1139922
 1149706
 1159491
 1169276
 1179061
 1188845
 1198630
 1208415
 1218200
 1227984
 1237769
 1247554
 1257339
 1267123
 1276908
 1286693
 1296477
 1306262
 1316047
 1325832
 1335616
 1345401
 1355186
 1364971
 1374755
 1384540
 1394325
 1404110
 1413894
 1423679
 1433464
 1443249
 1453033
 1462818
 1472603
 1482387
 1492172
 1501957
 1511742
 1521526
 1531311
 1541096
 1550881
 1560665
 1570450
 1580235
 1590020
 1599804
 1609589
 1619374
 1629159
 1638943
 1648728
 1658513
 1668297
 1678082
 1687867
 1697652
 1707436
 1717221
 1727006
 1736791
 1746575
 1756360
 1766145
 1775930
 1785714
 1795499
 1805284
 1815068
 1824853
 1834638
 1844423
 1854207
 1863992
 1873777
 1883562
 1893346
 1903131
 1912916
 1922701
 1932485
 1942270
 1952055
 1961840
 1971624
 1981409
 1991194
 2000978
 2010763
 2020548
 2030333
 2040117
 2049902
 2059687
 2069472
 2079256
 2089041
 2098826
 2108611
 2118395
 2128180
 2137965
 2147750
 2157534
 2167319
 2177104
 2186888
 2196673
 2206458
 2216243
 2226027
 2235812
 2245597
 2255382
 2265166
 2274951
 2284736
 2294521
 2304305
 2314090
 2323875
 2333659
 2343444
 2353229
 2363014
 2372798
 2382583
 2392368
 2402153
 2411937
 2421722
 2431507
 2441292
 2451076
 2460861
 2470646
 2480431
 2490215
 2500000
