8.957911148207855501e-01 1.906811468622300609e-02 3.721239286095639337e-02 3.259646816151061111e-01
1.847443585766337604e+00 1.944288405565898839e-02 2.054515273743088340e-03 1.845918037110344800e-01
1.631545491936954750e+00 2.705268055973522601e-02 2.869214127726303978e-02 1.869418634535114643e-01
1.460012085805360016e+00 2.507550111045860064e-02 4.328780470025635208e-02 6.677809335130262536e-01
1.345909319491793266e+00 2.307849367932173282e-02 3.383296943147062058e-02 3.814589766711763974e-01
1.540666647278908119e+00 3.127251127127982783e-02 2.602272021985072362e-02 1.630665044588207324e-01
1.982412618241868207e+00 1.753798075599195816e-02 2.429514013022505622e-02 2.087069490132378580e-01
1.124815964164187498e+00 1.908722750867745607e-02 4.062228650389235890e-02 3.231621592771258267e-01
6.947682068780007825e-01 2.100443643464769417e-02 3.151346240435345947e-02 2.982699162929264847e-01
2.097569375980692374e+00 2.384417209182798300e-02 1.582562406715481290e-02 5.896960278126773397e-02
1.898660915221288992e+00 8.117005243998116903e-02 7.189100707239526322e-02 7.192250464074489980e-02
1.706162277646692038e+00 3.166778905422006768e-02 2.903877205170263959e-02 1.335376434789333766e-01
2.456855502896893473e+00 1.731676451586012383e-02 4.712481163679800578e-02 2.208975337096358849e-01
9.281580590141198517e-01 1.014259328664389864e-01 9.221289563526653688e-02 2.034263577585945781e-01
1.714855846144566431e+00 1.811604235491951972e-02 1.855589519833350520e-02 9.912134855302955072e-02
1.363952207728689192e+00 1.617352198186581061e-02 4.728811706114090935e-02 4.405978910642732727e-01
