1.668096175478728682e+01 1.579494806023660700e-02 8.078170411904136472e+02 4.997688808608265809e+00
6.706995965570416729e+01 4.544850116161439080e-02 8.110330325037496095e+02 6.573492583282948942e+00
7.641427972222702181e+01 -3.204101509739357926e-03 8.145674196889817722e+02 7.577314861916933708e+00
1.156303161599578466e+01 3.703138387484481483e-03 8.180506562296545781e+02 4.637192035275155888e+00
1.444139265323835630e+01 5.788761489238513323e-03 8.209544208941179022e+02 4.116797214517766257e+00
5.885500258059528988e+01 -5.633439571704553124e-03 8.242835185369981446e+02 5.748578393230828532e+00
6.808001850217499396e+01 -3.930042590829841559e-02 8.278221267121658684e+02 7.222145932981975491e+00
1.924198043061057817e+01 -1.250491519504853648e-02 8.311220997548881542e+02 5.237016273177914627e+00
2.086028847927340024e+01 7.748576222440512265e-03 8.499380460181815806e+02 5.612116356830828323e+00
6.723233556342250949e+01 3.283092699579073098e-02 8.535431548616051032e+02 6.740459350212042011e+00
7.252743037468322029e+01 8.094178625785358044e-03 8.571820427628658763e+02 7.238438678620498834e+00
1.381179070488377825e+01 2.058276283968501000e-03 8.607058558270750837e+02 3.894885253950115089e+00
1.529256941174112328e+01 -1.256759380189374255e-02 8.630364418104094284e+02 4.416467826291927246e+00
6.106664337906954643e+01 5.480643356871483206e-03 8.667433158157003845e+02 7.227107058794249639e+00
6.300430290736025540e+01 -4.032434482511258050e-02 8.705574357451957894e+02 6.501010428483989578e+00
2.639555129202625139e+01 -2.360045140527153307e-02 8.740406124745958323e+02 7.330158542821143541e+00
